0
0
0
0
1.2865048494857887
0
0
0
0
0
0
0
0
0
0
0
0
0
1.2701134611731941
1.2354842862389208
0
1.0040356078867303
0
0.972771677600557
1.014727620054797
0
0
1.0219690602337563
1.1281267316203287
1.2571310038167103
0
1.2611792517616391
0
2.3316394703528163
0
2.2360318289799523
0
2.2053954433960645
0
0
0
0
0
2.220938267006901
2.276353321876193
2.296021250986325
0
0
0.503720397678746
1.1004396298363912
1.17304610926034
1.2265873317300047
1.2342688302583136
0
0
1.2890618122026147
0
1.4994180677787445
1.5937416835766065
1.6157408993912143
1.6207603691884287
1.621297508897116
1.2875554415416248
1.296557149814747
1.2946635522557473
1.3001729593882265
1.2319146613962157
1.229384130794346
0
1.2482257893666535
1.3971843340773242
1.4789881575751358
0
1.4872073642882913
1.4880949753590555
0.3616191459839424
0.8150135013148657
0.8221535184270455
0
0
0.9965644693514935
0
1.3474165295873826
1.4990924860528756
1.5308989165624536
1.5204322567964692
1.5197191384488415
0.8562274813696248
0.9615002380758692
1.1069049072344825
1.092354635150344
0
1.117125224530985
1.2928612100337904
1.4122156007025521
0
1.377286696194833
1.3777891999672494
0.27624948056096693
0
0
1.7832343950322236
0
1.8500453028653974
1.9158448183092838
1.933876164623337
1.916739340061666
1.909995207028407
1.3236109689801128
1.3157516248234915
0
1.2124844542316957
1.5027201771804992
1.6093324222249663
0
1.5666284837315232
1.565680321786688
1.166283933954616
0
1.4523235987738667
1.6457816992753473
1.7633274415171412
0
1.7054822172359476
0
0
1.0390301814996028
1.4115927928410485
0
0
1.2961756035916656
0
0
1.377179352563267
1.6049238249169886
1.6129084699604643
0
0
1.4374239770081212
1.6838544065456738
0
1.4740999444769691
0
1.6666096436707352
1.6890945496170537
1.576734297801535
1.5789417687240748
2.0502318756052307
1.8411746803963183
1.8159337952156394
0
0
1.5249830213854925
