0
0
0
0
0.00685213807315811
0
0
0
0
0
0
0
0
0
0
0
0
0
0.6261977186311788
0.589553656220323
0
0.5127748900439825
0
0.5788287957730975
0.5863412969283277
0
0
0.5744110854503465
0.5217215942259724
0.4613078291814946
0
0.46687318341746975
0
0.9515789473684212
0
0.5499248120300753
0
0.7806015037593986
0
0
0
0
0
0.843796992481203
0.730544688534457
0.70230108123094
0
0
-0.03741735537190082
-0.3515379095910069
-0.33431259098883875
-0.13420981027531106
-0.10820934275586463
0
0
-0.09484128679454865
0
-0.040006602008896996
-0.15272438586753068
-0.16572032055662544
-0.16394112171282288
-0.15867219150728884
-0.5120290512936905
-0.35709008824132976
-0.31284198771635957
-0.12121653933632705
-0.08026435273938047
-0.0920726306465899
0
-0.08249292802298953
-0.11464167141755255
-0.1684982602644398
0
-0.13765115047101362
-0.12842052769970075
0.2636391625615764
0.5983293043244695
0.6114107466291004
0
0
0.584173400598241
0
0.6168570098321144
0.4245719913664844
0.4063048148367134
0.4072069885950012
0.412415241745283
0.35034756703078446
0.5103135982698026
0.5439002582952513
0.5256293772477758
0
0.5365344634575403
0.36744737341172007
0.2067953257790368
0
0.22846342066917769
0.23360217954251183
0.03928571428571427
0
0
-0.11237458193979925
0
-0.03355354659248955
-0.38138761764959844
-0.4383231474407944
-0.4227861612072138
-0.4057043365881676
-0.03911306432281259
-0.1552848318462594
0
-0.16650464919695687
-0.3151046814628448
-0.409545258221756
0
-0.3580475050961624
-0.35689624724061814
-0.6748015873015873
0
-0.2601059494702527
-0.3339571150097466
-0.3477148650756512
0
-0.2351026263517987
0
0
0.8859649122807017
0.69105098855359
0
0
0.7843835616438355
0
0
0.19162366018261212
-0.33233485419559616
-0.35753449527959336
0
0
-0.279948717948718
-0.21085587254538724
0
-0.06591744110654851
0
-0.6900328731097961
-0.7277924072854948
-0.44361512496681454
-0.42300672430355424
0.24228668941979523
0.3593241422203794
0.38936787164121406
0
0
0.10895741556534502
