0
0
0
0
1.443657511196207
0
0
0
0
0
0
0
0
0
0
0
0
0
2.4782048409606476
2.4426400173086473
0
2.6486776322084946
0
2.423896160623271
2.4296286254159067
0
0
2.4190383146328487
2.44400955163327
2.488753801181752
0
2.4537159447326373
0
3.046532965030193
0
3.2632470137859944
0
3.0788133181337973
0
0
0
0
0
3.0286247230360965
3.066856836598024
3.2377870738491255
0
0
0.5183095243137358
2.1806364079846325
2.311811909401472
2.269982791360506
2.2765136023332806
0
0
2.3029671975592922
0
2.450034373994882
2.6365274187921703
2.6644872195958484
2.7057574580611616
2.703036213337214
2.3678303190057313
2.430369133348875
2.5144937237214235
2.59055736192013
2.562190137558136
2.5575175986999215
0
2.534985019828894
2.7082134335727877
2.7398361774417683
0
2.792176059730785
2.78816007112168
0.27570730809096566
1.1815502709787302
1.2519183275550485
0
0
1.4207870563004195
0
1.6074673083012538
2.136939004112137
2.2235263370661893
2.2074375937723874
2.204508524843069
1.6184960764119964
1.657719081995428
1.9551186120785913
1.9759110126382435
0
1.96975921421064
2.12437348761528
2.2809032227430284
0
2.197386365589842
2.19194110623271
0.3309689744041585
0
0
2.284686270548921
0
2.0228358570237175
2.682128280045062
2.7731964026603517
2.785000293856829
2.7710790796289815
2.3335858014311333
2.5168647194796345
0
2.2943088103019176
2.551883116897026
2.6520038960847594
0
2.547489105957053
2.547590047767516
2.157820323191468
0
2.213578917807596
2.673019404912432
2.7008445155287166
0
2.7451957160207554
0
0
1.90307516637507
2.00892069786731
0
0
1.8470736530901932
0
0
2.107341509925613
2.7649552344941744
2.7755137488212567
0
0
2.367179436630671
2.6684940849324366
0
2.514342926457623
0
2.8671384936591524
2.9729740585895463
2.673574777254198
2.656891142756095
3.3352574674830677
3.044639088267285
3.001079015158063
0
0
2.0250105574406048
