0
0
0
0
0.6906233900051519
0
0
0
0
0
0
0
0
0
0
0
0
0
3.7100760456273765
3.679044001266223
0
2.311855257896841
0
2.2594921846334484
2.332552901023891
0
0
2.3136984493566484
1.9276813670859203
1.9674555160142346
0
1.7468907755851306
0
2.2902255639097744
0
0.5944360902255639
0
0.42350877192982456
0
0
0
0
0
0.12755639097744362
0.3952452603069515
0.5497920709731079
0
0
0.05285123966942148
-2.031485290600335
-2.3206539997760274
-2.0330917456155535
-1.9858210471653384
0
0
-1.9004250865125818
0
-2.091302639231652
-1.7745646533362596
-1.7337292663229174
-1.8162927623923668
-1.8112201202691631
-3.5316386745347255
-3.6111840755181612
-3.3717848501768097
-2.7121187379716565
-2.372535566542226
-2.392894400157465
0
-2.3294643258048584
-2.598705523324055
-2.3989366736256095
0
-2.5447866043254947
-2.524460513192493
-0.041317733990147806
0.8570346494762289
0.9366824310726505
0
0
1.0153756864145722
0
0.7409443212006682
1.1779049055971167
1.2204812865842842
1.1734063800795176
1.1857016509433962
2.4192651439920554
2.1114220059475532
2.4574110868269416
2.351400719288283
0
2.292635534943227
1.4456428977811493
1.6423123229461754
0
1.36989250268056
1.3853069702201124
-0.06845238095238095
0
0
0.5723894463024898
0
-0.6009388038942977
0.19528969864433127
0.2622727272727273
0.1765881486934119
0.16744686961516375
1.591370355573312
1.1332532601235414
0
0.7617920540997464
-0.6984634738071703
-0.4487320293700252
0
-0.788854914473101
-0.784878587196468
-3.1263888888888887
0
-1.83039934800326
-2.4830604288499027
-2.272812353766963
0
-2.483943941734716
0
0
1.7361842105263159
0.7337148803329864
0
0
0.5815753424657535
0
0
-1.3499007542675665
-0.06236857766316209
-0.0414669571532316
0
0
-1.7527692307692309
-1.2573175250092627
0
-1.4017722066133564
0
2.25103879026956
2.122816545973228
1.5285015360109226
1.5445577477277765
-1.032730375426621
-1.5719187312117757
-1.4732070365358594
0
0
1.826138032305433
