0
0
0
0
1941
0
0
0
0
0
0
0
0
0
0
0
0
0
2630
3688
0
3686
0
3623
1023
0
0
505
3688
3637
0
3668
0
665
0
665
0
665
0
0
0
0
0
665
663
284
0
0
4840
16065
5884
13638
3864
0
0
2523
0
16803
13850
3018
5455
699
2203
7543
1000
6401
2675
500
0
1949
7548
6106
0
7492
699
3248
15367
1261
0
0
2523
0
14114
11208
3018
2834
699
1007
6391
2668
500
0
1940
8586
7148
0
8133
699
168
0
0
2523
0
11689
8782
3018
990
686
2503
411
0
1818
6397
5078
0
6359
84
504
0
1950
2676
1281
0
2651
0
0
456
505
0
0
499
0
0
2519
2522
467
0
0
1950
749
0
1928
0
15210
3018
8139
699
2930
6717
699
0
0
681
